600 0
500 1.4
500 0
1200 1.4
500 3.0
700 -4.5
400 -4.0
600 -2.8
700 0
300 1.0
300 -1.0
700 4.0
1200 6.0
1700 -6.4
1700 6.0
1600 -6.4
1400 2.5
500 6.0
800 1.1
400 0
700 2.0
1100 -2.2
1200 5.0
700 -6.0
800 -2.0
1300 -1.0
500 5.6
1200 0
600 -5.0
500 0
600 -5.1
600 2.1
1100 0.1
700 2.0
500 4.1
300 -4.2
400 1.0
1000 0
900 5.4
700 1.4
900 -3.5
400 0
1200 3.8
3800 6.1
500 5.0
500 -5.9
400 -0.5
600 -2.0
700 -3.0
300 -4.0
600 5.9
500 2.5
900 -5.0
700 4.0
2000 -6.0
500 4.0
1100 0
1200 -2.1
500 -0.6
1800 3.8
200 -0.4
2000 0.0
600 4.0
1400 4.5
1050 0
1100 5.5
500 2.5
300 0
800 3.2
600 0
500 3.2
1800 6.4
800 -3.1
2000 6.0
1200 3.0
550 -1.8
800 4.0
1800 -6.4
800 0
650 -2.0
700 -1.7
1000 2.6
1050 0
400 -6.0
600 -2.8
1600 1.1
400 2.0
700 -5.3
3300 1.9
500 -0.5
500 1.0
1200 0
1400 -2.2
700 -5.7
1000 -2.0
800 2.0
200 -3.4
1100 0
1050 -4.5
900 -4.0
650 0
600 6.0
400 5.0
1100 0
1900 1.2
1700 -1.0
1000 -5.0
1200 4.8
500 -5.2
600 0
600 2.0
400 0
1800 -5.4
1400 -6.0
600 0
1500 6.0
800 0
2300 -6.0
800 2.8
900 -4.8
400 5.0
600 0
600 -2.0
1300 0
semaphores:3
1100 НI
2000 3
4100 1
5000 Н
6800 НI
8000 3
21200 1
22200 Н
23900 НI
24800 3
31600 1
38500 Н
40200 НI
41100 3
45800 1
47000 Н
48100 НI
49100 3
53650 1
54500 Н
56400 НI
57500 3
70800 1
71900 Н
73000 НI
74000 3
89350 1
90600 Н
92200 НI
93200 3
110500 1
111300 Н
stations:
50 500 Бологое-1
5100 500 Бологое-2
23000 500 Куженкино
39400 500 Баталино
47500 500 48 км
55400 500 Фирово
72300 500 Горовастица
91300 500 Чёрный Дор
112000 700 Осташков